0 1885
10000 1397
20000 1885
30000 2374
40000 2304
50000 2862
60000 3281
70000 1885
80000 1885
90000 1396
100000 1955
110000 1885
120000 1466
130000 2444
140000 1396
150000 1885
160000 1885
170000 1885
180000 1397
190000 2373
200000 1466
210000 978
220000 2304
230000 1885
240000 1466
250000 1885
260000 1885
270000 1955
280000 2863
290000 1885
300000 1955
310000 1885
320000 2303
330000 1955
340000 1885
350000 1885
360000 1955
370000 1885
380000 2374
390000 1885
400000 2374
410000 2863
420000 2304
430000 1955
440000 2374
450000 1955
460000 1885
470000 1955
480000 2374
490000 2374
500000 2444
510000 4189
520000 1885
530000 1885
540000 2374
550000 1885
560000 1885
570000 3281
580000 2792
590000 2444
600000 2444
610000 2373
620000 2374
630000 2374
640000 1885
650000 2443
660000 1885
670000 1885
680000 2374
690000 978
700000 2374
710000 2444
720000 2444
730000 2792
740000 1955
750000 2374
760000 1885
770000 2374
780000 2304
790000 1955
800000 1885
810000 1885
820000 908
830000 2374
840000 2304
850000 978
860000 2374
870000 1955
880000 2444
890000 2374
900000 2303
910000 2304
920000 2374
930000 2374
940000 2863
950000 2374
960000 2374
970000 5096
980000 2443
990000 2444
1000000 1954
