0 2375
10000 908
20000 978
30000 1466
40000 1466
50000 1397
60000 1467
70000 1466
80000 1886
90000 978
100000 978
110000 1467
120000 1397
130000 1397
140000 1467
150000 978
160000 908
170000 977
180000 978
190000 978
200000 978
210000 978
220000 978
230000 1397
240000 1397
250000 1886
260000 978
270000 978
280000 1397
290000 908
300000 908
310000 1467
320000 908
330000 489
340000 978
350000 908
360000 1467
370000 1397
380000 1397
390000 978
400000 1955
410000 1397
420000 1397
430000 1397
440000 1327
450000 1467
460000 1467
470000 908
480000 1397
490000 1397
500000 1397
510000 1886
520000 978
530000 1467
540000 1467
550000 1397
560000 1466
570000 1467
580000 978
590000 1397
600000 908
610000 978
620000 978
630000 978
640000 1885
650000 908
660000 978
670000 977
680000 978
690000 1397
700000 908
710000 908
720000 1397
730000 1956
740000 978
750000 1397
760000 1397
770000 1397
780000 908
790000 978
800000 978
810000 978
820000 1467
830000 1397
840000 1467
850000 978
860000 1886
870000 908
880000 908
890000 1467
900000 8521
910000 978
920000 978
930000 1397
940000 977
950000 908
960000 1397
970000 1397
980000 1397
990000 1397
1000000 1467
